33 30 32 29 26 26 27 27 26 26 24 24 24 23 23 21 20 21 20 19 16 15 15 14 14 16 15 13 11 11 11 12 10 7 7 6 6 6 6 6 6 5 4 3 3 3 2 1 0 0 0 0 0 0 0 0 0 0 0 0 0 0 0 0 0 14 151 193 172 175 178 180 181 180 182 186 186 187 189 190 190 191 192 192 193 193 192 192 191 191 190 191 190 189 190 188 186 185 183 180
34 31 30 29 28 27 27 27 27 26 25 24 24 24 24 22 21 20 18 18 17 17 16 15 14 14 12 12 11 12 12 12 12 10 8 5 6 6 5 5 6 6 5 4 4 4 2 1 0 0 1 1 1 1 1 1 1 0 0 0 0 0 0 0 0 22 145 188 176 177 177 179 183 183 183 184 184 187 190 191 191 192 192 192 192 193 194 194 193 192 192 190 190 191 190 189 187 185 185 182
33 32 30 29 28 27 27 27 27 25 26 25 24 24 23 23 21 21 20 20 17 15 14 14 14 14 13 12 12 12 11 11 10 8 7 5 4 4 5 6 6 6 5 4 4 3 2 1 0 0 1 1 1 1 1 1 1 0 0 0 0 0 0 0 0 0 81 192 180 175 175 178 180 181 183 183 184 187 189 192 192 193 193 193 193 194 194 194 193 193 194 192 191 191 190 190 188 184 185 187
32 32 30 29 28 26 27 27 26 26 26 25 24 23 22 22 22 21 20 19 17 15 14 13 13 14 14 13 12 11 11 11 10 8 7 5 4 4 5 5 6 6 5 4 4 3 2 1 0 0 1 1 1 1 1 1 1 0 0 0 0 0 0 0 0 17 121 186 179 175 176 178 179 181 183 183 183 187 189 192 193 193 193 193 194 194 194 194 194 194 193 192 191 190 191 189 188 186 184 185
32 32 30 29 28 27 27 26 25 27 27 26 24 23 22 22 22 22 21 20 19 17 14 13 14 16 15 13 13 11 10 10 8 8 7 5 4 5 5 4 6 6 5 4 4 3 2 1 0 0 1 1 1 1 1 1 1 0 0 0 0 0 0 0 0 84 195 179 173 176 176 176 178 180 183 184 185 188 191 193 193 192 192 192 193 193 193 193 193 193 193 192 191 190 191 189 188 186 186 181
31 32 30 29 28 27 27 26 24 27 28 26 24 22 21 20 20 20 20 20 20 17 14 14 16 18 15 13 13 11 9 10 9 9 8 6 6 6 4 5 6 6 5 4 4 3 2 1 0 0 1 1 1 1 1 1 1 0 0 0 0 0 1 0 0 89 205 171 170 178 176 176 177 179 183 186 187 188 190 192 193 191 191 192 192 192 192 192 193 192 192 190 189 190 192 192 189 187 186 184
31 31 30 30 29 28 27 28 27 27 29 29 24 21 20 20 21 19 20 20 21 18 15 14 16 18 16 13 13 10 9 11 13 9 7 6 6 7 5 5 6 6 6 5 5 4 2 1 0 0 1 1 1 1 1 1 1 0 0 1 1 0 1 0 0 42 165 182 171 178 177 175 176 181 183 185 186 189 192 191 192 191 190 191 191 192 192 192 192 191 190 190 191 190 189 189 188 187 185 182
32 32 31 31 30 28 26 28 29 24 28 28 22 19 20 21 21 20 20 19 19 18 16 15 15 17 16 15 16 13 13 15 13 11 10 6 2 6 6 6 5 6 6 5 5 3 1 0 0 0 0 0 0 0 0 0 0 0 0 3 2 1 1 0 0 5 135 189 173 175 176 176 178 180 181 182 185 190 193 191 191 191 191 191 191 191 191 190 190 190 188 191 192 187 187 187 184 183 183 179
34 32 31 33 28 25 26 25 26 28 20 24 29 23 19 20 21 19 21 19 18 18 15 14 14 16 15 15 13 16 17 3 2 15 10 7 7 6 5 6 6 7 4 2 3 4 2 1 1 1 1 0 0 0 0 0 1 1 2 2 5 1 5 73 87 99 173 179 170 174 176 176 178 179 181 184 185 186 188 190 191 191 191 190 189 188 187 187 189 189 188 191 189 184 183 183 182 181 180 180
35 33 33 30 26 24 26 31 32 30 27 26 27 24 19 20 21 20 19 19 18 16 15 12 13 15 15 8 14 15 2 0 0 0 0 5 10 3 5 6 6 5 4 2 1 4 4 1 1 1 1 0 0 0 0 0 0 0 2 2 1 0 54 192 202 181 170 167 179 175 174 177 178 179 181 184 185 184 185 188 191 191 191 190 188 186 184 184 187 189 189 192 187 182 184 183 182 180 179 181
32 33 35 29 27 28 28 27 22 17 24 26 21 21 19 22 22 20 20 19 17 16 14 13 13 15 14 14 15 0 19 105 117 55 2 0 8 12 6 6 6 6 4 1 2 3 2 3 3 1 0 0 0 0 0 0 1 1 0 0 0 20 139 191 173 173 166 165 146 163 179 178 178 178 181 185 185 184 185 187 188 190 191 189 187 186 184 184 188 191 192 194 189 182 183 183 180 181 181 182
34 33 31 28 31 33 22 8 0 0 9 22 26 24 21 20 21 20 21 19 18 16 14 14 14 16 12 17 0 6 156 255 255 247 175 30 0 12 6 6 6 6 5 3 3 3 4 4 2 2 0 0 0 0 0 0 0 0 0 0 0 104 198 175 159 170 177 169 126 155 181 178 178 178 181 184 185 185 186 187 188 190 191 189 187 186 184 185 190 192 192 194 192 184 180 181 181 181 182 179
36 34 29 28 34 32 11 0 0 0 0 16 26 21 19 23 22 21 18 20 20 15 13 14 16 15 14 13 1 40 224 255 255 255 255 135 0 1 7 6 7 7 6 6 4 2 4 4 3 0 0 0 0 0 0 0 0 1 0 0 7 146 192 163 171 169 164 172 173 170 174 179 177 178 182 185 186 186 187 187 188 189 190 188 187 187 186 187 191 192 192 196 194 184 178 180 180 180 179 178
34 35 31 28 32 25 2 0 0 1 0 11 22 20 19 22 23 21 18 17 18 16 13 12 15 17 12 9 0 51 227 255 253 254 255 202 15 0 6 8 7 7 6 6 5 4 4 2 0 0 0 0 1 3 0 0 1 1 2 0 9 147 199 164 167 167 166 172 174 174 176 177 179 181 183 184 184 185 187 188 189 188 188 188 188 189 189 190 191 193 194 199 195 183 179 181 181 180 176 175
32 33 32 28 30 25 4 0 0 0 1 6 18 26 22 16 23 19 19 17 17 19 14 10 12 19 19 12 0 47 222 255 254 254 255 212 25 0 10 6 7 7 7 5 4 6 6 0 2 8 0 0 1 3 1 1 0 1 1 0 0 103 200 179 161 167 173 165 145 168 178 178 178 181 184 185 185 185 186 188 190 189 188 189 189 189 190 191 192 193 194 199 197 186 181 181 181 177 179 174
32 31 32 29 29 26 11 0 0 1 0 0 12 25 23 23 18 9 11 20 21 16 14 14 16 20 15 10 0 13 183 255 255 254 255 241 71 0 4 7 7 7 6 5 6 4 0 0 105 177 138 50 0 0 2 0 3 0 1 4 0 11 107 181 172 166 170 163 141 165 180 178 179 182 184 185 185 186 187 189 189 191 190 189 189 189 191 192 193 195 196 199 198 188 181 182 180 179 177 175
33 32 31 29 29 30 22 2 0 1 0 0 7 23 24 18 0 0 4 14 27 17 13 18 18 8 2 5 0 0 149 255 255 251 255 255 147 1 0 7 6 6 6 3 6 7 0 19 211 255 255 232 72 1 0 2 1 3 0 0 3 0 15 150 185 164 163 168 167 171 177 178 178 181 184 185 184 186 188 189 190 191 191 189 188 190 192 193 195 197 198 199 199 189 182 182 180 179 177 177
33 33 30 29 27 33 26 2 0 0 0 0 6 27 12 9 72 150 136 25 0 12 18 15 7 0 0 1 0 2 174 255 255 254 255 255 158 0 0 6 6 7 5 4 6 0 0 94 251 255 255 255 184 10 1 4 0 2 4 0 1 0 0 121 189 167 165 168 170 172 174 177 178 181 182 184 186 187 187 189 190 191 190 188 187 189 191 193 196 198 196 197 199 193 184 184 180 178 177 178
32 31 31 30 24 29 24 2 0 0 2 1 7 18 0 80 240 255 233 34 1 11 15 10 0 1 1 0 0 60 230 255 251 254 255 255 146 1 0 6 6 7 4 4 3 0 11 189 255 252 255 255 170 4 0 1 1 1 0 3 2 0 0 93 191 171 170 168 166 172 174 176 178 179 182 186 186 186 188 189 190 191 190 187 187 188 191 193 196 198 197 198 200 194 184 182 180 176 178 175
33 29 31 28 27 29 26 4 0 1 0 0 5 4 4 161 255 255 238 97 90 44 4 10 0 0 2 0 1 92 249 255 252 254 255 255 130 0 0 7 6 5 6 4 5 1 3 175 254 255 255 255 154 1 0 0 1 1 0 0 1 0 0 67 197 179 164 171 167 172 173 174 178 178 182 185 183 183 187 187 188 190 189 186 185 187 191 194 195 196 197 196 198 194 182 180 183 176 174 174
31 32 32 26 25 28 32 13 0 1 0 1 2 0 10 178 255 255 251 250 211 34 0 11 0 4 0 2 0 28 220 255 252 251 255 255 132 0 0 7 7 6 4 4 7 0 0 137 255 255 250 255 234 44 0 2 3 0 0 0 0 0 0 34 173 196 170 167 169 167 175 179 177 180 182 183 183 184 186 187 188 189 189 188 187 189 191 193 193 195 196 194 194 189 183 185 180 176 177 177
33 37 32 26 25 28 33 17 0 0 0 1 1 0 20 203 255 254 255 255 231 52 0 2 3 5 0 2 1 0 158 255 255 251 254 255 170 0 0 8 6 7 7 7 0 0 74 226 255 251 253 255 191 17 0 3 1 0 0 0 0 1 1 0 60 167 201 192 182 169 171 177 178 182 182 182 183 185 186 187 188 188 189 190 190 190 191 191 194 193 193 191 190 186 184 182 179 180 175 169
33 32 28 27 28 27 28 13 0 1 0 2 2 0 26 204 255 253 255 255 195 26 0 0 1 2 2 0 0 0 52 235 255 253 253 255 223 49 0 5 8 6 8 4 0 35 216 255 251 253 255 197 43 0 0 3 3 0 0 0 1 0 0 0 0 52 96 126 181 180 167 171 179 180 182 183 183 184 186 187 188 189 189 190 191 192 191 191 192 192 193 190 187 188 187 182 181 174 175 190
32 25 26 26 32 28 27 14 0 0 0 1 0 1 0 115 255 255 255 255 123 0 0 0 0 3 4 2 0 0 53 237 255 252 254 255 246 87 0 1 10 6 9 2 0 99 255 255 254 254 255 100 0 0 2 1 1 0 0 0 0 0 0 2 1 0 0 0 57 147 177 173 178 178 181 184 183 184 186 187 188 190 190 191 192 193 192 192 193 192 193 191 189 186 179 182 179 176 186 183
35 28 24 23 30 28 32 19 1 2 0 0 0 0 1 64 246 255 255 244 223 189 56 0 0 3 2 1 1 0 152 255 255 252 253 255 221 45 0 6 10 5 10 0 0 113 255 255 251 254 255 177 16 0 2 0 1 0 0 0 0 0 0 3 3 0 0 0 0 101 187 180 176 175 180 182 183 184 186 187 189 190 191 191 192 192 194 193 192 193 193 192 190 187 180 182 180 184 182 113
35 32 26 24 25 25 30 23 2 0 0 1 3 0 0 50 226 255 253 254 255 254 165 1 0 1 1 0 0 0 141 255 255 253 251 255 238 70 0 4 6 5 9 0 9 176 255 254 249 249 255 243 60 0 0 1 1 0 0 0 0 0 0 0 0 2 2 0 1 120 193 181 176 177 180 182 183 183 185 186 188 188 188 189 191 192 193 192 190 191 191 192 192 190 183 181 182 185 174 87
29 32 29 29 27 27 32 22 7 0 2 1 0 6 2 0 91 244 255 255 255 254 247 64 0 0 0 2 0 0 66 248 255 252 253 255 255 141 0 0 5 11 4 1 68 241 255 246 250 250 254 200 20 0 3 6 1 0 0 0 0 0 0 0 1 1 3 0 0 79 180 182 177 182 179 180 183 183 185 186 187 186 184 186 188 189 189 190 191 191 191 190 189 187 185 181 176 203 164 60
29 35 26 27 24 26 36 25 2 1 2 2 0 1 1 0 63 245 255 252 253 255 255 89 0 0 2 0 0 1 119 255 255 252 255 255 255 214 28 0 10 8 0 34 199 255 252 247 249 255 255 98 0 0 1 3 0 0 0 0 0 0 0 0 0 2 2 1 0 91 183 178 174 180 179 180 182 182 184 185 187 185 183 185 187 188 189 191 191 191 190 189 186 184 183 181 185 207 135 47
25 36 27 23 28 28 17 6 1 2 0 2 2 1 0 1 108 255 255 253 254 255 245 64 0 1 1 0 0 65 231 255 252 254 251 253 254 181 3 0 10 4 0 84 255 255 247 251 246 255 217 23 0 5 0 0 1 0 0 0 0 0 0 0 0 3 0 0 38 169 191 172 175 173 178 180 179 182 183 184 186 185 185 186 188 189 190 192 192 191 190 188 186 185 179 181 195 146 67 51
7 29 36 26 33 22 0 0 0 3 1 2 2 0 5 11 29 107 229 255 251 255 254 104 0 0 2 1 0 23 170 254 255 252 249 255 255 147 0 0 9 8 0 47 236 255 248 250 250 254 184 3 0 3 2 3 2 0 0 0 0 0 0 1 0 1 2 0 53 187 182 166 177 172 173 179 179 180 182 183 185 185 186 187 189 190 190 192 191 191 191 187 186 185 177 187 189 85 31 63
0 8 30 37 24 0 21 68 16 0 0 0 3 0 2 18 2 0 165 255 255 253 255 219 42 1 0 1 2 1 64 249 255 254 249 252 254 213 38 0 5 7 0 9 192 255 252 250 252 255 164 0 0 0 2 2 1 0 0 0 0 0 0 1 4 1 0 1 23 157 190 168 173 175 175 180 179 179 182 183 183 184 184 185 187 189 189 190 191 191 192 189 187 185 181 192 174 68 46 65
0 1 19 39 18 1 89 255 193 47 0 0 2 2 0 9 21 0 122 255 255 251 255 236 47 0 0 1 10 0 31 216 254 249 250 249 255 243 64 0 8 5 1 62 230 255 254 249 253 255 145 0 0 0 0 2 2 1 1 0 0 0 0 1 1 0 3 0 1 94 184 172 167 173 178 179 177 180 180 181 184 185 184 185 186 188 188 190 191 188 188 188 186 183 185 192 117 51 59 63
1 3 22 31 11 1 138 255 255 232 117 13 0 1 0 10 21 0 90 255 255 254 255 221 34 0 0 7 15 0 46 225 255 249 250 251 255 234 51 0 10 0 29 204 255 251 248 243 253 255 115 1 0 2 0 1 1 2 1 1 0 0 0 1 0 0 0 0 0 51 166 178 173 175 173 176 176 180 180 180 182 184 184 185 185 186 188 189 190 186 186 187 184 179 188 197 84 31 65 66
0 1 28 35 0 56 229 255 255 255 255 191 35 0 2 13 19 0 71 241 255 252 255 252 183 55 1 0 17 0 48 235 255 253 249 250 254 246 72 0 8 1 80 255 255 248 247 247 255 237 61 1 0 2 0 0 1 2 1 0 0 0 0 1 1 0 1 0 0 34 160 184 168 171 173 175 178 179 179 180 181 181 183 184 186 187 185 188 189 185 185 184 184 178 198 184 77 43 64 62
0 1 19 35 1 63 249 255 255 255 254 254 100 0 0 13 22 10 14 80 200 255 254 251 255 219 27 1 19 0 50 234 255 247 249 249 255 255 111 0 2 0 83 255 254 249 248 247 255 199 17 0 0 1 0 0 2 2 1 0 0 0 0 1 2 1 1 0 0 17 148 189 166 165 171 174 177 177 177 177 177 182 182 183 185 185 186 186 187 186 184 182 180 192 188 109 52 59 63 64
0 0 4 29 16 14 143 242 255 255 255 231 51 0 0 7 26 28 3 0 78 254 255 250 255 255 132 0 9 0 26 206 255 250 249 248 255 254 87 0 6 0 61 238 255 246 243 255 255 138 0 0 2 0 1 2 4 1 1 1 0 0 0 1 2 2 2 0 0 51 159 184 171 167 173 173 175 176 176 175 178 180 183 184 184 186 186 186 187 186 184 183 185 191 118 35 46 60 62 61
1 0 0 17 39 26 1 65 243 255 254 252 100 0 0 10 24 26 21 0 34 227 255 255 253 255 182 0 0 11 1 125 255 254 248 252 254 202 22 0 0 1 16 204 255 244 251 255 179 21 1 2 3 0 3 4 3 2 1 0 0 0 1 1 0 1 2 1 2 123 188 168 170 170 172 171 172 175 175 176 179 181 183 184 185 186 187 186 185 188 186 177 193 181 65 25 63 62 61 65
1 0 0 0 16 38 0 5 193 255 253 255 186 8 0 4 20 22 19 0 98 255 255 249 255 254 193 17 0 1 0 79 254 255 247 251 255 178 0 0 4 43 112 230 254 244 255 252 78 1 1 3 1 2 1 2 1 3 2 1 2 1 1 2 2 1 0 0 3 132 192 167 169 169 170 171 171 172 173 174 175 181 182 182 184 184 186 186 187 188 181 181 210 155 42 44 64 61 62 67
1 1 2 0 1 13 24 0 84 254 255 255 254 129 0 0 3 26 13 0 145 254 255 253 255 255 254 201 112 27 15 171 255 253 246 248 255 222 89 106 189 242 255 250 243 247 255 245 70 0 4 2 0 0 0 1 2 1 0 3 3 0 1 2 0 0 6 1 20 151 190 168 170 170 168 170 171 170 171 171 172 175 179 180 183 185 186 191 188 182 184 194 183 93 32 49 58 63 65 65
0 1 3 1 0 2 8 0 11 204 255 255 255 197 20 20 5 1 9 0 39 215 255 254 251 252 253 255 255 221 209 250 255 246 249 246 251 250 242 254 255 255 254 250 241 239 255 241 63 0 2 2 1 0 0 1 2 0 0 1 0 1 4 0 3 2 0 0 87 186 177 164 169 173 168 168 171 170 171 170 172 174 175 177 181 185 188 186 179 181 186 192 115 29 43 54 55 60 66 65
0 0 0 2 1 0 0 0 0 107 244 255 255 219 170 224 144 4 0 0 0 49 175 251 255 250 249 251 255 255 255 253 245 249 250 251 245 249 255 254 251 244 245 249 242 244 255 195 16 0 2 1 0 0 0 1 1 1 4 1 0 0 0 0 0 0 1 75 175 185 163 166 169 171 172 170 170 169 169 170 172 172 173 173 175 177 181 172 168 175 170 180 139 47 40 58 56 56 63 63
1 0 0 1 1 0 0 1 0 0 57 196 255 255 254 255 255 140 26 0 0 0 51 232 255 251 249 247 251 250 246 248 253 253 247 248 252 247 250 244 244 250 243 245 245 254 254 144 0 1 2 0 0 1 0 0 1 2 1 0 0 0 0 13 25 33 123 194 182 166 166 171 166 165 170 171 169 170 168 169 171 170 170 169 171 170 171 168 174 165 164 180 180 73 31 55 58 60 65 66
0 0 0 0 1 0 0 2 1 0 0 18 176 255 255 252 255 255 202 29 0 1 24 223 255 248 253 250 246 250 250 245 249 251 249 249 251 252 244 249 249 249 247 245 245 246 255 218 63 0 0 1 1 0 0 0 1 0 1 11 53 54 83 135 160 158 175 174 166 164 171 170 167 171 171 173 171 170 169 170 171 170 169 169 170 169 168 170 169 166 168 181 167 61 35 56 60 60 60 66
0 0 0 1 1 0 0 1 2 5 0 1 144 255 255 252 251 255 255 155 41 0 66 236 255 252 253 252 251 251 250 249 248 248 252 250 247 249 245 248 249 245 248 246 247 248 242 255 181 0 0 0 0 0 0 0 0 0 3 115 184 180 190 183 185 222 206 163 159 166 169 165 171 176 171 173 173 172 171 171 171 170 168 170 169 170 171 171 171 170 170 184 137 44 42 57 64 64 61 64
1 0 0 0 0 0 0 0 2 1 1 0 88 254 255 252 254 253 255 255 233 181 225 254 253 250 250 252 251 249 249 248 249 250 251 248 249 247 246 245 245 246 246 246 248 246 242 255 251 105 0 0 1 4 0 0 2 0 19 179 226 169 156 161 203 255 255 226 161 149 169 171 172 168 172 174 171 173 171 171 171 170 169 170 169 170 170 170 167 170 173 180 104 29 47 58 64 66 65 65
1 0 0 0 0 0 0 0 1 2 2 0 5 191 255 252 250 255 250 255 255 254 254 251 252 252 251 250 251 250 249 249 250 248 249 250 247 248 246 246 246 245 246 246 244 246 247 241 255 240 129 18 0 1 1 0 4 1 3 64 131 172 200 229 249 246 254 255 197 167 168 174 171 167 174 174 172 172 170 171 171 170 170 170 170 170 169 170 168 167 175 172 86 33 51 59 62 63 65 66
1 0 0 0 0 0 0 0 0 1 1 1 0 64 245 255 253 251 252 253 254 253 252 250 252 251 251 251 251 250 248 249 249 250 248 249 249 247 246 246 246 246 245 247 244 246 249 255 199 104 107 67 2 0 4 1 0 1 0 0 66 244 255 255 248 244 245 250 255 223 177 168 172 173 170 170 173 172 172 172 171 170 171 170 170 170 169 169 173 166 170 181 89 30 53 59 62 63 64 65
0 0 0 0 0 1 0 0 2 2 1 2 0 0 109 255 255 250 252 253 253 251 255 254 250 252 252 252 251 250 249 249 248 249 249 248 246 246 245 245 245 245 245 243 249 242 255 255 77 1 9 22 0 0 1 2 2 2 0 0 162 255 253 244 250 244 249 255 250 210 175 170 176 178 172 172 175 173 174 173 173 172 172 171 170 170 170 166 170 169 170 187 109 32 49 58 61 63 63 65
1 1 1 0 0 0 0 0 1 1 2 1 4 1 0 97 232 255 252 255 252 253 252 253 252 252 252 251 251 250 249 248 248 248 248 248 247 246 245 245 245 245 245 245 245 241 255 254 99 0 0 0 6 4 0 0 0 0 0 64 246 255 247 249 249 247 255 233 175 166 175 173 177 176 178 179 175 175 176 175 174 173 172 172 171 170 170 168 167 169 166 183 150 56 41 58 63 64 63 65
0 0 0 0 0 0 0 0 1 1 0 0 0 1 0 0 115 255 255 251 255 252 253 251 251 251 251 251 251 250 250 249 248 248 247 247 247 245 245 244 245 245 245 245 243 245 244 255 193 17 0 2 2 1 2 2 0 0 46 174 255 250 246 248 242 254 249 188 161 173 180 176 176 176 176 177 176 176 176 176 175 174 174 173 170 170 171 169 166 169 163 172 186 97 22 40 57 64 65 64
0 0 0 0 0 0 0 0 0 0 1 0 0 1 1 0 37 213 255 251 253 254 251 251 251 250 250 250 250 249 249 249 248 248 247 245 245 246 245 244 244 246 244 246 244 247 238 255 255 91 0 1 0 1 0 1 0 67 224 255 247 246 249 244 253 253 198 162 175 179 176 178 178 177 176 175 175 176 175 176 175 175 175 174 172 171 170 170 167 170 165 168 190 128 32 54 54 44 54 60
0 1 0 0 0 0 0 0 0 1 0 0 0 1 1 0 14 194 255 253 253 252 253 251 250 250 250 250 250 249 249 249 249 248 246 245 245 245 244 244 245 244 245 244 244 245 238 249 255 135 0 1 0 1 0 0 80 243 255 248 239 252 241 246 255 228 165 169 179 176 177 178 178 177 177 176 175 176 176 175 175 176 175 174 173 171 170 171 170 171 166 165 175 152 137 154 121 83 74 60
0 1 0 0 0 0 0 0 0 0 1 0 0 0 2 1 0 137 255 255 253 253 251 251 251 250 250 250 250 249 249 249 249 247 246 245 245 245 244 244 245 245 245 244 244 241 242 241 255 213 50 0 1 0 1 20 209 255 246 239 249 244 247 255 245 193 171 181 178 175 178 178 178 177 178 177 176 176 176 175 175 176 176 175 173 172 171 172 169 169 168 165 164 172 181 182 173 170 158 114
0 1 0 0 0 0 0 0 0 0 1 0 1 0 4 4 0 14 161 254 255 253 253 250 252 250 250 250 250 249 249 249 248 247 246 244 244 245 244 243 243 245 243 244 244 241 244 236 254 255 104 0 0 0 0 112 255 254 244 243 243 248 255 239 196 177 178 181 181 179 180 181 181 181 180 178 178 178 177 177 177 177 177 176 174 173 173 171 167 169 170 165 164 167 169 163 165 171 176 169
0 2 0 0 0 0 0 0 0 0 1 0 0 3 2 1 3 0 5 178 255 254 252 251 251 250 250 250 251 250 250 249 248 247 246 244 244 244 243 243 244 244 244 243 243 245 242 241 254 239 62 0 4 1 9 179 255 249 246 243 246 251 236 188 173 187 186 186 184 180 182 182 182 182 181 179 179 179 178 178 178 177 177 176 175 174 173 172 172 171 168 168 166 161 165 168 165 157 159 168
1 3 1 0 0 0 0 0 0 0 0 1 0 0 3 4 2 0 14 191 255 255 253 250 250 250 250 248 249 249 249 248 246 246 246 244 244 245 243 242 244 245 244 243 241 243 242 244 250 244 160 166 171 148 195 244 251 244 239 249 255 222 187 187 191 191 190 187 186 184 183 184 184 183 183 181 180 180 180 178 177 177 177 176 176 175 172 173 175 172 167 170 169 164 167 166 164 165 165 162
3 2 1 0 0 0 0 0 0 0 0 0 0 0 2 2 0 0 72 252 255 252 251 250 252 252 247 249 248 251 249 245 245 244 247 245 243 248 244 242 244 245 244 243 242 240 241 242 241 246 255 255 255 255 255 249 240 243 240 247 243 197 179 195 195 192 191 190 188 186 187 185 185 184 184 184 183 181 179 178 178 178 179 177 175 175 175 174 172 173 172 170 169 169 167 166 165 165 164 163
0 1 0 0 0 0 0 1 0 0 1 1 0 2 2 0 0 0 31 216 254 255 251 250 251 250 250 249 249 248 249 249 248 246 245 246 244 244 244 242 244 245 244 243 243 242 242 242 243 243 244 243 243 243 241 240 239 245 248 232 208 193 200 197 194 194 192 191 190 188 187 186 185 184 184 184 183 183 182 180 179 178 177 176 175 175 175 176 175 174 172 170 168 167 167 167 166 164 163 163
0 0 0 0 0 0 0 0 0 0 0 0 0 0 0 2 3 0 1 143 255 255 248 251 252 250 249 246 248 251 252 250 246 246 245 246 244 244 242 243 245 244 243 243 243 242 243 243 243 243 243 243 241 240 240 242 241 240 249 224 190 194 201 198 195 196 194 193 193 190 188 188 187 186 186 185 185 185 184 182 180 179 177 177 176 174 175 177 178 175 173 171 169 168 168 168 166 165 165 164
2 0 0 0 0 0 0 0 0 0 0 0 1 0 0 4 2 0 0 94 255 254 249 252 251 250 249 253 249 246 249 255 251 245 245 245 245 243 243 245 243 243 244 244 244 243 243 243 243 244 243 241 242 242 242 241 239 244 243 214 193 199 198 198 198 197 197 196 194 192 191 191 190 189 188 187 186 187 186 184 182 180 179 178 177 176 177 178 179 176 174 172 170 169 168 168 167 166 165 164
2 0 0 0 0 1 0 0 0 0 0 0 0 0 0 0 0 0 0 79 247 255 251 252 249 251 248 253 248 249 246 237 249 245 247 245 244 245 244 244 243 243 243 244 244 244 244 244 243 243 241 240 241 241 241 239 240 250 239 202 197 200 200 200 198 197 198 197 196 196 196 195 194 191 191 190 189 187 185 185 185 183 180 179 179 179 179 179 177 176 175 174 172 171 169 169 168 166 165 165
1 0 0 0 0 0 0 0 0 0 0 0 0 1 1 0 2 1 0 59 241 255 249 252 250 253 248 250 250 255 226 141 207 255 247 244 243 246 246 244 243 242 243 245 245 244 244 244 243 243 243 244 241 242 242 241 243 247 229 199 199 200 200 199 198 198 197 197 197 198 197 196 194 192 191 191 190 187 185 185 185 184 182 180 179 179 179 179 177 177 175 174 173 173 170 169 167 166 166 166
0 0 0 0 0 0 0 0 0 1 0 0 0 0 0 0 2 3 0 19 205 255 254 251 251 250 250 245 247 255 240 191 217 251 245 247 242 243 243 244 244 243 244 244 244 242 244 245 245 245 244 243 241 243 243 243 249 229 202 199 204 201 202 202 199 199 198 198 197 197 197 196 195 195 195 192 191 190 188 185 184 185 185 184 182 181 181 182 183 180 176 174 174 174 172 170 169 170 168 167
0 1 0 0 0 0 0 0 0 0 0 0 0 0 2 2 0 1 0 0 79 238 255 254 249 248 250 249 247 246 253 255 248 241 246 246 246 245 244 245 245 244 245 245 244 242 244 246 245 245 242 240 245 240 239 247 238 213 199 203 205 202 201 201 201 200 199 200 197 197 198 197 197 195 195 194 193 191 189 187 186 186 186 185 184 182 181 182 183 180 176 175 175 176 174 171 171 171 168 166
1 0 0 0 0 0 0 0 0 0 0 0 0 1 1 0 0 1 1 0 0 167 255 251 251 247 249 250 251 248 247 247 247 245 243 245 247 246 245 245 245 245 245 245 245 244 244 244 244 243 244 243 238 240 249 239 215 203 201 205 206 201 202 203 202 201 200 200 199 199 199 198 198 196 196 195 195 194 192 191 190 188 188 187 186 185 184 184 184 180 177 176 176 176 175 173 171 172 168 167
0 0 0 1 0 0 0 0 0 0 0 0 0 0 0 0 2 1 0 0 0 105 255 255 246 251 249 249 246 250 250 245 247 246 243 244 247 246 244 245 245 245 245 245 245 244 244 244 243 241 244 241 238 248 244 218 203 206 207 207 206 203 205 203 202 201 201 201 200 200 199 198 198 197 198 197 196 195 194 194 193 191 190 189 189 188 187 186 184 181 178 176 176 177 176 174 173 173 170 169
25 6 0 0 0 0 0 0 0 0 0 0 0 0 1 3 1 0 0 2 0 32 214 255 255 251 250 250 250 247 247 248 247 248 245 244 244 245 246 247 246 245 246 246 245 245 244 244 242 242 240 241 245 241 219 204 208 211 209 208 206 204 205 204 204 203 202 201 201 201 201 200 200 198 198 198 198 197 195 194 194 193 193 192 192 190 188 187 185 183 179 177 178 178 176 174 174 175 174 172
38 8 0 0 1 0 0 0 0 0 0 0 0 1 3 5 0 0 3 0 1 0 57 209 255 253 249 248 249 249 249 247 245 247 247 245 243 244 246 246 245 247 246 246 244 242 244 242 241 241 239 246 245 224 204 209 213 208 206 208 207 206 204 204 203 203 203 202 202 202 201 200 200 199 199 198 198 197 196 195 195 194 194 194 193 191 190 189 186 183 179 178 178 178 175 174 174 176 176 173
33 6 0 1 1 1 2 2 0 0 0 0 0 0 0 0 0 1 0 1 1 0 0 11 174 255 251 251 250 245 250 247 246 245 246 246 244 245 245 245 247 244 245 245 243 244 244 242 241 239 242 246 233 213 207 214 214 210 209 207 206 207 209 207 205 204 202 202 202 202 201 201 201 200 200 199 199 199 198 196 198 195 195 195 195 193 193 192 189 186 182 180 180 180 178 178 177 177 176 174
40 21 0 0 0 0 3 1 0 0 0 0 0 0 0 0 0 0 0 0 3 0 1 0 117 255 255 246 248 251 250 246 247 247 246 245 245 245 245 246 245 245 244 243 246 243 238 243 239 244 247 239 220 210 214 216 213 213 212 208 207 208 210 208 205 204 203 203 203 203 202 201 201 201 201 200 198 198 197 197 197 196 196 196 195 194 194 192 190 188 184 181 181 180 179 178 178 177 175 175
39 38 13 1 1 0 2 1 0 0 0 0 0 0 0 1 0 1 0 0 3 2 0 1 120 255 255 249 249 247 248 243 245 246 246 245 245 245 243 243 244 244 242 244 241 239 242 238 239 246 242 227 210 211 217 215 214 213 211 209 209 208 208 208 208 206 204 204 204 204 204 203 203 202 201 199 199 199 198 197 197 198 198 197 196 196 196 194 190 189 186 183 182 181 179 178 178 177 176 175
28 34 33 8 0 1 1 0 0 0 0 0 0 0 0 0 0 0 0 0 1 0 0 0 102 255 255 245 250 244 244 250 246 245 245 245 245 244 243 242 243 243 244 240 244 255 255 245 244 243 223 214 212 216 215 213 215 214 212 210 208 209 207 208 208 206 205 205 204 205 205 204 204 203 202 201 200 200 199 198 198 199 199 198 197 197 197 195 192 191 188 186 184 183 181 181 180 177 176 176
34 35 37 12 0 1 0 0 0 0 0 0 0 0 0 0 0 0 1 1 2 0 4 0 35 214 255 253 242 248 250 245 243 245 245 243 244 244 243 242 242 242 240 244 238 212 211 238 241 227 215 212 218 216 211 211 214 214 213 212 209 207 207 210 209 208 207 206 205 205 205 204 204 203 203 203 202 201 200 201 198 199 198 198 197 197 197 195 192 193 191 189 185 183 185 183 181 179 177 177
33 37 31 11 0 0 0 1 0 0 0 0 0 0 0 0 0 0 0 0 1 0 0 0 0 36 167 255 255 244 248 246 245 245 245 244 243 244 243 241 242 241 240 254 221 97 103 211 223 217 217 220 218 211 210 214 213 214 214 212 210 207 206 208 210 210 209 206 205 206 206 205 205 204 204 202 202 203 202 201 201 199 197 198 197 196 196 195 194 195 192 188 185 184 186 185 182 180 179 178
21 36 25 2 0 2 0 0 0 0 0 0 0 0 0 0 0 0 0 0 1 1 0 12 7 0 9 163 255 248 242 246 247 245 244 243 241 240 240 243 243 239 242 251 230 162 179 219 214 215 219 221 219 211 211 216 215 215 215 213 210 209 208 210 211 210 209 207 207 207 207 207 206 204 204 203 202 203 203 202 202 201 199 198 197 198 198 197 195 195 193 190 189 188 187 186 186 183 182 181
39 31 20 0 0 0 0 0 0 0 0 0 0 0 0 0 0 0 1 0 0 1 104 228 127 1 0 28 205 255 246 241 243 244 243 242 241 240 239 242 243 239 240 241 236 226 235 226 216 217 217 219 220 213 212 216 216 215 215 214 212 212 211 213 213 211 208 207 207 208 208 209 209 207 206 205 203 203 202 202 202 202 201 199 197 197 198 197 196 195 193 191 191 190 189 187 186 183 182 181
64 29 17 0 0 1 1 1 0 0 0 0 0 0 0 0 0 0 0 3 0 1 137 255 221 30 0 8 193 255 240 242 240 241 241 241 241 241 239 240 241 242 243 231 222 221 222 217 218 217 217 219 220 213 213 215 215 214 214 214 214 214 213 215 214 213 210 207 207 207 208 209 209 209 209 207 206 204 202 201 203 203 202 201 199 198 197 197 196 196 195 192 192 192 192 190 186 184 182 181
46 32 23 1 0 3 0 0 0 0 0 0 0 0 0 0 0 0 0 0 3 0 22 225 194 3 1 57 233 255 237 240 241 240 240 242 241 241 240 241 240 239 237 223 214 220 220 216 219 217 216 218 219 214 213 214 214 214 214 214 214 216 215 215 214 212 211 210 208 207 207 209 209 209 209 209 209 205 202 202 203 204 203 202 200 199 198 197 196 196 196 194 193 194 194 191 190 187 184 183
33 36 26 1 0 3 0 0 0 0 0 0 0 0 0 0 0 0 0 0 0 0 47 226 220 81 67 195 255 239 245 239 238 240 241 241 240 241 240 241 239 232 227 222 216 219 219 220 221 218 216 218 221 216 213 215 213 214 214 214 214 215 215 214 214 212 212 212 211 209 209 210 210 209 208 209 208 205 204 204 205 204 203 203 201 200 199 197 198 197 196 195 195 195 195 193 192 188 186 185
26 35 23 0 1 2 0 0 0 0 0 0 0 0 0 0 0 0 0 1 0 36 208 254 255 236 231 255 244 238 242 240 240 243 242 241 241 241 240 244 240 223 218 220 223 219 218 222 217 219 218 217 219 216 214 215 213 214 214 214 214 214 214 214 213 213 213 213 213 214 214 213 212 212 209 207 206 207 207 207 206 202 201 203 203 202 200 198 198 197 197 196 196 194 195 193 192 190 190 187
22 37 13 0 0 1 1 2 0 0 0 0 0 1 2 1 0 0 1 0 0 76 253 255 237 253 255 244 238 243 239 240 243 242 242 240 240 240 238 247 238 221 219 224 224 221 221 221 218 220 219 217 218 215 212 213 214 212 212 212 212 211 210 212 212 213 213 213 213 213 215 215 213 213 213 211 209 209 207 207 207 206 204 203 202 200 201 201 199 198 198 197 197 197 197 193 191 191 192 189
24 28 3 0 1 1 0 1 0 0 0 0 0 0 1 0 0 1 1 0 0 102 251 250 238 241 241 242 242 241 241 241 240 241 240 240 239 240 239 219 239 246 218 219 220 219 220 219 219 219 219 217 218 215 212 213 214 214 213 213 213 212 212 212 212 213 213 213 213 212 213 214 214 213 213 213 212 209 207 207 208 208 207 204 202 202 203 201 198 198 199 198 197 197 197 195 192 191 191 191
18 7 0 0 2 1 0 0 0 0 0 0 0 0 0 0 0 1 1 0 0 152 255 241 238 242 242 242 240 241 241 241 241 240 242 239 240 242 234 218 234 234 217 222 221 220 219 219 219 219 219 218 218 215 212 213 214 214 213 213 213 213 213 212 212 213 213 213 213 212 213 214 213 213 212 213 212 210 208 207 207 207 207 205 203 203 204 202 200 199 199 198 197 197 197 195 193 191 191 191
36 3 0 0 1 0 0 2 0 0 0 0 0 0 1 1 0 0 0 0 1 171 255 239 237 243 243 242 241 241 241 241 240 240 239 239 239 239 238 251 202 176 226 231 218 219 220 219 218 218 218 217 217 214 211 211 212 210 210 209 210 211 211 212 212 213 213 213 213 212 213 214 214 214 213 213 213 212 211 208 208 208 208 207 205 204 204 202 202 201 200 198 198 197 197 195 195 194 192 191
79 20 1 0 0 0 0 1 0 0 0 0 0 0 1 1 0 0 1 0 0 136 255 248 237 238 241 243 241 241 242 240 240 240 240 239 238 240 237 247 219 203 225 221 218 219 220 219 217 218 217 216 216 213 210 208 210 208 207 206 207 210 211 212 211 213 213 213 214 213 213 215 215 214 213 213 215 214 213 210 208 208 208 208 209 206 204 204 203 201 200 199 198 198 198 197 196 194 192 191
84 13 0 0 0 0 1 0 0 0 0 1 0 0 1 1 0 1 2 1 0 69 245 254 237 240 242 247 242 239 241 241 241 240 239 240 241 238 236 233 246 243 222 218 220 220 218 218 218 218 217 216 216 212 208 207 209 209 207 207 207 211 213 212 212 213 213 213 213 213 214 215 215 214 214 213 214 215 214 212 209 208 208 209 209 206 204 204 203 202 201 199 198 197 197 197 197 195 192 191
73 2 0 0 1 0 0 0 0 0 0 1 0 0 0 1 0 0 7 53 82 147 243 248 236 240 251 255 249 237 241 241 236 240 244 237 237 241 237 236 238 235 222 220 220 218 220 219 218 216 215 215 214 208 205 207 207 207 207 208 208 210 212 211 210 210 211 212 213 213 214 216 215 214 217 214 213 215 214 211 210 209 208 208 208 207 206 203 202 202 202 200 199 198 198 198 197 196 195 194
57 0 0 0 0 0 0 0 0 0 0 0 0 0 1 1 4 0 4 182 255 248 237 242 238 250 212 152 220 254 237 242 238 236 236 235 234 239 235 237 238 237 226 218 218 221 220 220 218 215 214 215 213 204 202 207 205 204 206 208 209 209 209 209 209 208 209 211 213 215 216 217 216 216 220 218 215 215 215 214 212 209 208 208 207 206 206 204 201 202 202 200 199 198 198 198 197 196 197 198
34 1 0 0 0 0 0 0 0 0 1 0 0 0 4 4 0 0 0 133 255 255 234 238 250 255 116 0 104 254 255 255 255 248 233 241 238 235 238 235 237 239 232 220 218 220 220 220 218 215 214 215 212 204 203 205 203 204 205 207 208 208 208 208 207 207 210 213 214 215 217 217 217 217 219 219 219 218 216 214 212 209 208 208 207 206 206 205 203 203 202 200 199 199 198 198 197 197 196 196
39 0 1 0 0 0 0 0 0 0 0 0 0 0 2 0 1 0 0 0 151 255 246 232 253 255 93 0 38 210 222 139 166 233 245 238 237 239 239 235 237 241 233 221 219 220 220 219 217 213 214 214 208 203 203 203 203 203 205 206 207 208 209 207 207 209 211 213 215 216 217 219 219 218 220 220 220 219 217 214 213 210 208 209 208 207 207 205 202 203 203 201 200 199 198 198 197 197 196 196
48 0 0 0 0 0 0 0 0 1 0 0 0 1 1 1 0 2 9 13 163 255 242 239 240 246 216 166 180 232 154 17 33 171 247 241 238 239 238 236 237 240 232 222 217 220 220 220 216 211 213 211 203 202 203 202 204 203 205 206 207 208 209 206 209 211 213 214 215 215 217 220 219 217 218 219 219 219 217 214 214 210 209 209 208 207 207 205 202 203 203 201 200 199 198 198 197 197 196 196
40 0 1 1 0 0 0 0 0 0 1 0 0 0 2 0 0 76 197 189 231 245 232 241 236 240 254 255 255 255 233 201 178 218 247 239 236 242 239 239 241 239 229 220 220 221 220 219 217 212 213 207 198 200 203 203 204 204 205 206 208 208 208 209 211 213 215 215 214 214 216 219 220 218 218 217 217 217 216 214 213 210 209 209 208 207 207 206 204 204 203 201 200 199 198 199 197 197 196 196
23 1 0 0 0 0 0 0 0 1 0 1 0 0 2 0 8 184 254 255 242 237 238 238 241 239 238 245 244 241 252 255 255 252 236 239 242 238 236 236 239 235 224 217 222 218 220 221 214 212 212 205 200 201 203 203 205 206 206 207 208 208 208 210 212 214 215 215 214 213 216 218 219 218 217 215 215 216 215 215 215 212 209 209 208 207 207 205 204 204 203 201 200 199 198 198 197 197 196 196
2 0 0 0 1 0 0 0 0 0 0 0 1 0 0 18 161 255 246 236 240 237 239 240 239 239 241 241 240 241 240 242 241 241 239 238 238 238 240 245 247 224 221 228 222 217 219 219 210 210 209 203 203 203 203 203 205 207 208 207 207 208 208 207 209 212 213 214 215 214 215 218 219 218 217 215 215 215 215 215 216 213 210 210 208 207 206 204 203 203 202 200 199 198 197 198 197 197 195 194
0 3 0 0 1 0 0 0 0 0 0 0 0 1 0 113 255 252 232 235 237 239 239 239 239 240 241 240 241 241 242 241 239 237 240 240 239 236 239 255 249 221 215 226 220 221 219 214 211 209 204 200 203 203 203 203 203 205 206 206 207 209 209 207 207 211 213 214 215 214 215 217 216 215 214 212 212 212 212 212 212 211 210 209 207 206 205 204 203 203 202 200 199 198 197 197 197 196 195 194
0 1 0 0 0 0 0 0 0 0 0 0 0 0 0 45 198 254 237 238 238 238 238 239 239 238 240 240 239 240 239 240 240 237 239 239 236 253 207 128 119 207 241 221 220 222 217 208 210 207 199 199 202 204 204 203 202 205 205 206 207 209 210 210 211 212 213 215 214 214 214 215 213 212 212 210 209 210 210 210 210 210 210 209 207 206 205 204 203 203 202 200 199 197 196 197 197 196 194 194
1 0 0 0 0 0 0 0 0 0 0 0 0 0 1 0 63 239 255 236 237 237 238 238 238 239 239 239 239 239 239 239 240 238 236 236 233 254 207 3 5 209 251 221 223 220 213 206 207 205 198 200 202 203 204 203 203 206 207 206 208 209 209 214 214 214 213 212 211 212 212 211 211 210 210 210 210 210 210 210 210 209 208 208 206 204 205 203 202 202 201 200 198 197 197 197 197 195 195 193
1 1 0 0 0 0 0 0 0 1 0 0 0 0 1 0 32 213 255 234 237 238 237 238 238 239 239 239 239 239 239 239 239 235 237 238 231 251 242 80 108 238 226 223 223 216 206 208 208 200 199 201 202 201 204 205 206 207 208 208 209 209 209 211 211 211 210 210 207 208 209 209 209 209 210 210 210 210 210 210 210 209 208 207 206 204 202 202 202 202 201 199 198 197 198 198 197 196 195 194
1 3 1 0 0 0 0 0 0 0 1 0 1 2 0 0 69 214 255 241 237 236 237 238 238 237 237 238 238 238 238 238 236 235 237 239 231 246 254 191 217 238 220 225 223 217 205 205 205 200 201 201 201 202 204 206 207 209 209 209 209 209 209 206 207 208 208 207 205 207 208 208 208 209 210 210 210 210 210 211 211 209 207 206 205 204 203 203 202 202 201 199 197 197 197 198 198 198 196 195
1 1 0 0 0 0 0 0 1 2 0 2 2 0 0 82 226 229 218 238 238 238 237 237 237 237 237 237 237 237 237 237 235 237 237 234 241 245 171 141 218 236 227 217 219 218 207 199 199 203 203 202 201 205 204 205 206 208 207 208 208 207 206 205 205 208 208 207 206 208 208 208 208 208 208 210 210 210 210 211 212 208 204 204 203 203 205 204 202 202 202 200 199 198 197 197 196 196 196 196
